$ANSIBLE_VAULT;1.1;AES256
63356161386236386238383966393365383433633437383833633531636232393261346663623533
3863626566383538653463386338343934613666373564380a653430313466646164666662373362
34356439313165303138643563653737393062363639653032363932363635363764633132386639
6265623261633339320a333633316138323539323931353966313336366132313731613139323565
38653166326264346563626137336630326230646663386334326131646534313961343361343337
66356464663062376230313830383962663738666137613934666437366433633336656334383761
37663735616362353330386166366663353765393333666261663733363137636439326333343735
65633331306638643561323862386236626361653930393864653431623131643865656663663933
66346530386437656330623964303239613364326461323736376365633863656134393561306135
34383834306363316532356264313537326665353139303038343434396162343361616665646331
62666466623665666663373366343463613539373034333236653330313334363936353936303532
36363465626338363861386236313134333533323365373166373430653034396364393230353839
31623630333335623765393139366236623936643961336137616533323634656533303637636164
39376664393339356538363930656634366330623030643136333732616361663035643632663437
64623034623633663966353364616532623233346433313936346530303932366262363032393662
31633731383532653631323761393565343438386361326330393032353833363066626438616465
34363639613833303435393532623864306664313966303864316232626434653038666464326135
36643439336435303861636637616235396364383663636235643762623935656638623833636364
35613562306361663631316166366636616530616130326135313361633666653961663364343033
38633539636339636435323738616166376336633033386563326638613631373437323731363934
65646630346636643666303563323963356539366431663830393163393436643764613137653861
39656236336336306232353536626330376232386233613461626237326538613935316536336463
32383239316562613362316234383937386363376264303235623734636137646137386664383832
66353039303133356564636231656464363865646531633733633461313465323732353932623061
32653732336436623332383037613363333632643233346239393534383031336434653864396561
34666362373636313364386132303162396636626164383630643838633563623538326163396639
37333736623737346261623233323131316461336536633436386637636339376463333035303539
36633362313032306265393164316363336231313433366134396637373936636161353435303863
63303139393732323462636165316463333863333039643166356364323037396333653266333531
35613833656462306562383938313137633666626139626235343836373133303761333166393935
30643136643537373337323961386333666563383432613364313463616536393161386134386137
37333966316237363433363237323930313038633032663962323133303536353739656561616430
30366366386430643932343564613332663336343333313264333063626237633832356366643135
63373434373334323863306539613531303337616163616234383037323165343561306639663738
62623338633166613036663339623361626262343566623163373530333061333138636566366338
37303131363432623136636463316336643335343736663539363863356161323365333737363438
32613061626333653132626639646165616663613933623061613031303464326337393261613130
36393332666230313536316536656337623064626362653038323366333830386439313364353439
66353631383734343761636430663463646438663836373462313964306633613530353739323130
37373038663130626630616433323839653236306130343465376163613230633465376436623639
38323235616530616232336637613963383535666633383065393066653364356363316563643437
35353237386232323065356361356334306237616239313461323231386461663962396334653531
63396335613836666336663733666435663239306537306530643430363137343536333639363837
34333032323038333464633161343866343831393635313337383734616562666464353464313338
34313733653133396433336136663062363562613933383732393230326364356233393931376462
62376638633561383938393231653332636639383430373262376634613835663866383834653461
613763393031356134383461333332366534
